
Vsd	I		Vg	Time
1.0000000000E-2	-2.8822353487E-12	-2.1727737151E-2	-2.0000000000E-2	0.0000000000E+0
2.0000000000E-2	-2.8822353487E-12	-2.0437806905E-2	-2.0000000000E-2	0.0000000000E+0
3.0000000000E-2	-2.8822353487E-12	-2.0115324344E-2	-2.0000000000E-2	0.0000000000E+0
4.0000000000E-2	-2.7854905806E-12	-1.9792841782E-2	-2.0000000000E-2	0.0000000000E+0
5.0000000000E-2	-2.8499870927E-12	-1.8825394098E-2	-2.0000000000E-2	0.0000000000E+0
6.0000000000E-2	-2.8499870927E-12	-1.8502911536E-2	-2.0000000000E-2	0.0000000000E+0
7.0000000000E-2	-2.7854905806E-12	-1.7535463850E-2	-2.0000000000E-2	0.0000000000E+0
8.0000000000E-2	-2.8822353487E-12	-1.7857946412E-2	-2.0000000000E-2	0.0000000000E+0
9.0000000000E-2	-2.8822353487E-12	-1.7212981288E-2	-2.0000000000E-2	0.0000000000E+0
1.0000000000E-1	-2.8499870927E-12	-1.7857946412E-2	-2.0000000000E-2	0.0000000000E+0
1.1000000000E-1	-2.7532423246E-12	-1.6568016165E-2	-2.0000000000E-2	0.0000000000E+0
1.2000000000E-1	-2.8822353487E-12	-1.6245533602E-2	-2.0000000000E-2	0.0000000000E+0
1.3000000000E-1	-2.8822353487E-12	-1.6568016165E-2	-2.0000000000E-2	0.0000000000E+0
1.4000000000E-1	-2.8822353487E-12	-1.6245533602E-2	-2.0000000000E-2	0.0000000000E+0
1.5000000000E-1	-2.9144836047E-12	-1.5600568478E-2	-2.0000000000E-2	0.0000000000E+0
1.6000000000E-1	-2.9144836047E-12	-1.5600568478E-2	-2.0000000000E-2	0.0000000000E+0
1.7000000000E-1	-2.8822353487E-12	-1.5923051040E-2	-2.0000000000E-2	0.0000000000E+0
1.8000000000E-1	-2.8499870927E-12	-1.5600568478E-2	-2.0000000000E-2	0.0000000000E+0
1.9000000000E-1	-2.8822353487E-12	-1.5923051040E-2	-2.0000000000E-2	0.0000000000E+0
2.0000000000E-1	-2.8177388367E-12	-1.5278085916E-2	-2.0000000000E-2	0.0000000000E+0
2.1000000000E-1	-2.8177388367E-12	-1.5600568478E-2	-2.0000000000E-2	0.0000000000E+0
2.2000000000E-1	-2.8499870927E-12	-1.4955603354E-2	-2.0000000000E-2	0.0000000000E+0
2.3000000000E-1	-2.8499870927E-12	-1.4310638229E-2	-2.0000000000E-2	0.0000000000E+0
2.4000000000E-1	-2.8822353487E-12	-1.5600568478E-2	-2.0000000000E-2	0.0000000000E+0
2.5000000000E-1	-2.7854905806E-12	-1.5278085916E-2	-2.0000000000E-2	0.0000000000E+0
2.6000000000E-1	-2.8177388367E-12	-1.4955603354E-2	-2.0000000000E-2	0.0000000000E+0
2.7000000000E-1	-2.7532423246E-12	-1.4633120791E-2	-2.0000000000E-2	0.0000000000E+0
2.8000000000E-1	-2.8177388367E-12	-1.4310638229E-2	-2.0000000000E-2	0.0000000000E+0
2.9000000000E-1	-2.7209940685E-12	-1.3988155667E-2	-2.0000000000E-2	0.0000000000E+0
3.0000000000E-1	-2.6887458125E-12	-1.3988155667E-2	-2.0000000000E-2	0.0000000000E+0
3.1000000000E-1	-2.7209940685E-12	-1.3988155667E-2	-2.0000000000E-2	0.0000000000E+0
3.2000000000E-1	-2.7532423246E-12	-1.3665673104E-2	-2.0000000000E-2	0.0000000000E+0
3.3000000000E-1	-2.6887458125E-12	-1.3665673104E-2	-2.0000000000E-2	0.0000000000E+0
3.4000000000E-1	-2.6242493004E-12	-1.3665673104E-2	-2.0000000000E-2	0.0000000000E+0
3.5000000000E-1	-2.6887458125E-12	-1.3343190542E-2	-2.0000000000E-2	0.0000000000E+0
3.6000000000E-1	-2.7209940685E-12	-1.3665673104E-2	-2.0000000000E-2	0.0000000000E+0
3.7000000000E-1	-2.7532423246E-12	-1.3665673104E-2	-2.0000000000E-2	0.0000000000E+0
3.8000000000E-1	-2.6564975564E-12	-1.3343190542E-2	-2.0000000000E-2	0.0000000000E+0
3.9000000000E-1	-2.6887458125E-12	-1.3343190542E-2	-2.0000000000E-2	0.0000000000E+0
4.0000000000E-1	-2.6564975564E-12	-1.3665673104E-2	-2.0000000000E-2	0.0000000000E+0
4.1000000000E-1	-2.5920010443E-12	-1.2698225417E-2	-2.0000000000E-2	0.0000000000E+0
4.2000000000E-1	-2.5597527883E-12	-1.2698225417E-2	-2.0000000000E-2	0.0000000000E+0
4.3000000000E-1	-2.5597527883E-12	-1.2698225417E-2	-2.0000000000E-2	0.0000000000E+0
4.4000000000E-1	-2.5597527883E-12	-1.1730777729E-2	-2.0000000000E-2	0.0000000000E+0
4.5000000000E-1	-2.3662632518E-12	-1.1730777729E-2	-2.0000000000E-2	0.0000000000E+0
4.6000000000E-1	-2.3017667395E-12	-1.1730777729E-2	-2.0000000000E-2	0.0000000000E+0
4.7000000000E-1	-2.2695184834E-12	-1.1085812603E-2	-2.0000000000E-2	0.0000000000E+0
4.8000000000E-1	-1.9792841782E-12	-1.0440847477E-2	-2.0000000000E-2	0.0000000000E+0
4.9000000000E-1	-1.9470359221E-12	-9.4733997883E-3	-2.0000000000E-2	0.0000000000E+0
5.0000000000E-1	-1.7857946412E-12	-9.1509172252E-3	-2.0000000000E-2	0.0000000000E+0
5.1000000000E-1	-1.6245533602E-12	-8.1834695356E-3	-2.0000000000E-2	0.0000000000E+0
5.2000000000E-1	-1.3665673104E-12	-6.8935392821E-3	-2.0000000000E-2	0.0000000000E+0
5.3000000000E-1	-8.1834695356E-13	-5.9260915915E-3	-2.0000000000E-2	0.0000000000E+0
5.4000000000E-1	-3.3462310810E-13	-3.9911962089E-3	-2.0000000000E-2	0.0000000000E+0
5.5000000000E-1	2.4584550790E-13	-1.4113356961E-3	-2.0000000000E-2	0.0000000000E+0
5.6000000000E-1	9.5530715182E-13	8.4604225516E-4	-2.0000000000E-2	0.0000000000E+0
5.7000000000E-1	2.2129891628E-12	4.3933504691E-3	-2.0000000000E-2	0.0000000000E+0
5.8000000000E-1	3.3739264105E-12	1.0198036650E-2	-2.0000000000E-2	0.0000000000E+0
5.9000000000E-1	4.0833880651E-12	1.4712792580E-2	-2.0000000000E-2	0.0000000000E+0
6.0000000000E-1	5.4055666098E-12	2.0839961357E-2	-2.0000000000E-2	0.0000000000E+0
6.1000000000E-1	6.3730143310E-12	2.7289612721E-2	-2.0000000000E-2	0.0000000000E+0
6.2000000000E-1	7.3404620568E-12	3.3739264105E-2	-2.0000000000E-2	0.0000000000E+0
6.3000000000E-1	8.5981441076E-12	4.0833880651E-2	-2.0000000000E-2	0.0000000000E+0
6.4000000000E-1	8.9528749438E-12	4.8895944938E-2	-2.0000000000E-2	0.0000000000E+0
6.5000000000E-1	1.0887770426E-11	5.6635526683E-2	-2.0000000000E-2	0.0000000000E+0
6.6000000000E-1	1.1822969916E-11	6.5342556183E-2	-2.0000000000E-2	0.0000000000E+0
6.7000000000E-1	1.3951354980E-11	7.4372068297E-2	-2.0000000000E-2	0.0000000000E+0
6.8000000000E-1	1.6660208733E-11	8.6626406232E-2	-2.0000000000E-2	0.0000000000E+0
6.9000000000E-1	1.8788593854E-11	9.8558261664E-2	-2.0000000000E-2	0.0000000000E+0
7.0000000000E-1	1.9981779463E-11	1.1242501267E-1	-2.0000000000E-2	0.0000000000E+0
7.1000000000E-1	1.9078828190E-11	1.2242197275E-1	-2.0000000000E-2	0.0000000000E+0
7.2000000000E-1	2.0304262061E-11	1.3241893289E-1	-2.0000000000E-2	0.0000000000E+0
7.3000000000E-1	1.8208125182E-11	1.3951354980E-1	-2.0000000000E-2	0.0000000000E+0
7.4000000000E-1	1.8659600815E-11	1.4499575379E-1	-2.0000000000E-2	0.0000000000E+0
7.5000000000E-1	2.2884122871E-11	1.5596016182E-1	-2.0000000000E-2	0.0000000000E+0
7.5000000000E-1	2.4722273721E-11	1.6756953511E-1	-2.0000000000E-2	0.0000000000E+0
7.4000000000E-1	2.3787074163E-11	1.7627656512E-1	-2.0000000000E-2	0.0000000000E+0
7.3000000000E-1	2.3883818945E-11	1.8401614739E-1	-2.0000000000E-2	0.0000000000E+0
7.2000000000E-1	2.2045668103E-11	1.8820842113E-1	-2.0000000000E-2	0.0000000000E+0
7.1000000000E-1	2.0433255101E-11	1.9111076450E-1	-2.0000000000E-2	0.0000000000E+0
7.0000000000E-1	1.9369062527E-11	1.9240069489E-1	-2.0000000000E-2	0.0000000000E+0
6.9000000000E-1	1.9336814268E-11	1.9304566008E-1	-2.0000000000E-2	0.0000000000E+0
6.8000000000E-1	1.8756345594E-11	1.9369062527E-1	-2.0000000000E-2	0.0000000000E+0
6.7000000000E-1	1.8111380403E-11	1.9272317748E-1	-2.0000000000E-2	0.0000000000E+0
6.6000000000E-1	1.6466719178E-11	1.8917586892E-1	-2.0000000000E-2	0.0000000000E+0
6.5000000000E-1	1.4241589309E-11	1.8595104296E-1	-2.0000000000E-2	0.0000000000E+0
6.4000000000E-1	1.2371190309E-11	1.7917890847E-1	-2.0000000000E-2	0.0000000000E+0
6.3000000000E-1	1.1016763459E-11	1.7143932622E-1	-2.0000000000E-2	0.0000000000E+0
6.2000000000E-1	9.1786127491E-12	1.6273229623E-1	-2.0000000000E-2	0.0000000000E+0
6.1000000000E-1	8.2434132719E-12	1.5467023146E-1	-2.0000000000E-2	0.0000000000E+0
6.0000000000E-1	7.1147242537E-12	1.4564071897E-1	-2.0000000000E-2	0.0000000000E+0
5.9000000000E-1	5.9215387272E-12	1.3693368910E-1	-2.0000000000E-2	0.0000000000E+0
5.8000000000E-1	4.5671119219E-12	1.2725921152E-1	-2.0000000000E-2	0.0000000000E+0
5.7000000000E-1	2.4709752173E-12	1.1693976883E-1	-2.0000000000E-2	0.0000000000E+0
5.6000000000E-1	1.2777897180E-12	1.0533039586E-1	-2.0000000000E-2	0.0000000000E+0
5.5000000000E-1	9.8755540842E-13	9.5978401024E-2	-2.0000000000E-2	0.0000000000E+0
5.4000000000E-1	1.1685248198E-13	8.5981441076E-2	-2.0000000000E-2	0.0000000000E+0
5.3000000000E-1	-3.6687136450E-13	7.6629446332E-2	-2.0000000000E-2	0.0000000000E+0
5.2000000000E-1	-8.5059520989E-13	6.8244899358E-2	-2.0000000000E-2	0.0000000000E+0
5.1000000000E-1	-1.4633120791E-12	6.0182834993E-2	-2.0000000000E-2	0.0000000000E+0
5.0000000000E-1	-1.8180428974E-12	5.2443253234E-2	-2.0000000000E-2	0.0000000000E+0
4.9000000000E-1	-2.0115324344E-12	4.5348636648E-2	-2.0000000000E-2	0.0000000000E+0
4.8000000000E-1	-2.2050219712E-12	3.8898985227E-2	-2.0000000000E-2	0.0000000000E+0
4.7000000000E-1	-2.2695184834E-12	3.3094298966E-2	-2.0000000000E-2	0.0000000000E+0
4.6000000000E-1	-2.3985115078E-12	2.8579542996E-2	-2.0000000000E-2	0.0000000000E+0
4.5000000000E-1	-2.6242493004E-12	2.3742304469E-2	-2.0000000000E-2	0.0000000000E+0
4.4000000000E-1	-2.6887458125E-12	1.9227548519E-2	-2.0000000000E-2	0.0000000000E+0
4.3000000000E-1	-2.5920010443E-12	1.5680240280E-2	-2.0000000000E-2	0.0000000000E+0
4.2000000000E-1	-2.6242493004E-12	1.2132932047E-2	-2.0000000000E-2	0.0000000000E+0
4.1000000000E-1	-2.6564975564E-12	8.9081063864E-3	-2.0000000000E-2	0.0000000000E+0
4.0000000000E-1	-2.7532423246E-12	5.6832807302E-3	-2.0000000000E-2	0.0000000000E+0
3.9000000000E-1	-2.7532423246E-12	4.3933504691E-3	-2.0000000000E-2	0.0000000000E+0
3.8000000000E-1	-2.8177388367E-12	2.4584550790E-3	-2.0000000000E-2	0.0000000000E+0
3.7000000000E-1	-2.8499870927E-12	2.0107712598E-4	-2.0000000000E-2	0.0000000000E+0
3.6000000000E-1	-2.8822353487E-12	-1.0888531318E-3	-2.0000000000E-2	0.0000000000E+0
3.5000000000E-1	-2.8177388367E-12	-3.3462310810E-3	-2.0000000000E-2	0.0000000000E+0
3.4000000000E-1	-2.7854905806E-12	-4.3136787728E-3	-2.0000000000E-2	0.0000000000E+0
3.3000000000E-1	-2.8499870927E-12	-5.2811264642E-3	-2.0000000000E-2	0.0000000000E+0
3.2000000000E-1	-2.9144836047E-12	-7.2160218456E-3	-2.0000000000E-2	0.0000000000E+0
3.1000000000E-1	-2.8499870927E-12	-7.8609869723E-3	-2.0000000000E-2	0.0000000000E+0
3.0000000000E-1	-2.8822353487E-12	-8.8284346621E-3	-2.0000000000E-2	0.0000000000E+0
2.9000000000E-1	-2.8822353487E-12	-1.0118364914E-2	-2.0000000000E-2	0.0000000000E+0
2.8000000000E-1	-2.8822353487E-12	-9.7958823514E-3	-2.0000000000E-2	0.0000000000E+0
2.7000000000E-1	-2.8499870927E-12	-9.7958823514E-3	-2.0000000000E-2	0.0000000000E+0
2.6000000000E-1	-2.8822353487E-12	-1.1085812603E-2	-2.0000000000E-2	0.0000000000E+0
2.5000000000E-1	-2.9144836047E-12	-1.1730777729E-2	-2.0000000000E-2	0.0000000000E+0
2.4000000000E-1	-2.9789801168E-12	-1.2698225417E-2	-2.0000000000E-2	0.0000000000E+0
2.3000000000E-1	-2.9467318607E-12	-1.2375742854E-2	-2.0000000000E-2	0.0000000000E+0
2.2000000000E-1	-2.9144836047E-12	-1.2698225417E-2	-2.0000000000E-2	0.0000000000E+0
2.1000000000E-1	-2.9144836047E-12	-1.2698225417E-2	-2.0000000000E-2	0.0000000000E+0
2.0000000000E-1	-3.0112283728E-12	-1.3665673104E-2	-2.0000000000E-2	0.0000000000E+0
1.9000000000E-1	-2.9789801168E-12	-1.3665673104E-2	-2.0000000000E-2	0.0000000000E+0
1.8000000000E-1	-2.9467318607E-12	-1.3988155667E-2	-2.0000000000E-2	0.0000000000E+0
1.7000000000E-1	-2.8822353487E-12	-1.4310638229E-2	-2.0000000000E-2	0.0000000000E+0
1.6000000000E-1	-2.9467318607E-12	-1.4633120791E-2	-2.0000000000E-2	0.0000000000E+0
1.5000000000E-1	-2.9467318607E-12	-1.3988155667E-2	-2.0000000000E-2	0.0000000000E+0
1.4000000000E-1	-2.9467318607E-12	-1.4633120791E-2	-2.0000000000E-2	0.0000000000E+0
1.3000000000E-1	-2.8822353487E-12	-1.5278085916E-2	-2.0000000000E-2	0.0000000000E+0
1.2000000000E-1	-2.8822353487E-12	-1.4633120791E-2	-2.0000000000E-2	0.0000000000E+0
1.1000000000E-1	-2.9467318607E-12	-1.4955603354E-2	-2.0000000000E-2	0.0000000000E+0
1.0000000000E-1	-2.9789801168E-12	-1.4310638229E-2	-2.0000000000E-2	0.0000000000E+0
9.0000000000E-2	-2.8822353487E-12	-1.4310638229E-2	-2.0000000000E-2	0.0000000000E+0
8.0000000000E-2	-2.8822353487E-12	-1.5278085916E-2	-2.0000000000E-2	0.0000000000E+0
7.0000000000E-2	-2.9467318607E-12	-1.5278085916E-2	-2.0000000000E-2	0.0000000000E+0
6.0000000000E-2	-2.9789801168E-12	-1.5278085916E-2	-2.0000000000E-2	0.0000000000E+0
5.0000000000E-2	-3.0112283728E-12	-1.4955603354E-2	-2.0000000000E-2	0.0000000000E+0
4.0000000000E-2	-2.9467318607E-12	-1.5278085916E-2	-2.0000000000E-2	0.0000000000E+0
3.0000000000E-2	-3.0112283728E-12	-1.5278085916E-2	-2.0000000000E-2	0.0000000000E+0
2.0000000000E-2	-2.9789801168E-12	-1.4955603354E-2	-2.0000000000E-2	0.0000000000E+0
1.0000000000E-2	-3.0112283728E-12	-1.5278085916E-2	-2.0000000000E-2	0.0000000000E+0
-5.3082538365E-16	-2.8822353487E-12	-1.5278085916E-2	-2.0000000000E-2	0.0000000000E+0
-1.0000000000E-2	-2.8822353487E-12	-1.5278085916E-2	-2.0000000000E-2	0.0000000000E+0
-2.0000000000E-2	-3.0112283728E-12	-1.5600568478E-2	-2.0000000000E-2	0.0000000000E+0
-3.0000000000E-2	-2.9467318607E-12	-1.5278085916E-2	-2.0000000000E-2	0.0000000000E+0
-4.0000000000E-2	-2.9144836047E-12	-1.5600568478E-2	-2.0000000000E-2	0.0000000000E+0
-5.0000000000E-2	-2.8822353487E-12	-1.5278085916E-2	-2.0000000000E-2	0.0000000000E+0
-6.0000000000E-2	-2.9467318607E-12	-1.5278085916E-2	-2.0000000000E-2	0.0000000000E+0
-7.0000000000E-2	-2.9467318607E-12	-1.4955603354E-2	-2.0000000000E-2	0.0000000000E+0
-8.0000000000E-2	-2.9144836047E-12	-1.4955603354E-2	-2.0000000000E-2	0.0000000000E+0
-9.0000000000E-2	-2.9467318607E-12	-1.5278085916E-2	-2.0000000000E-2	0.0000000000E+0
-1.0000000000E-1	-2.9144836047E-12	-1.5600568478E-2	-2.0000000000E-2	0.0000000000E+0
-1.1000000000E-1	-2.8822353487E-12	-1.4955603354E-2	-2.0000000000E-2	0.0000000000E+0
-1.2000000000E-1	-2.8177388367E-12	-1.5600568478E-2	-2.0000000000E-2	0.0000000000E+0
-1.3000000000E-1	-2.8822353487E-12	-1.5278085916E-2	-2.0000000000E-2	0.0000000000E+0
-1.4000000000E-1	-2.9144836047E-12	-1.6245533602E-2	-2.0000000000E-2	0.0000000000E+0
-1.5000000000E-1	-2.9467318607E-12	-1.5278085916E-2	-2.0000000000E-2	0.0000000000E+0
-1.6000000000E-1	-2.8499870927E-12	-1.5923051040E-2	-2.0000000000E-2	0.0000000000E+0
-1.7000000000E-1	-2.9144836047E-12	-1.5278085916E-2	-2.0000000000E-2	0.0000000000E+0
-1.8000000000E-1	-2.9467318607E-12	-1.5923051040E-2	-2.0000000000E-2	0.0000000000E+0
-1.9000000000E-1	-2.9467318607E-12	-1.5923051040E-2	-2.0000000000E-2	0.0000000000E+0
-2.0000000000E-1	-2.9144836047E-12	-1.5600568478E-2	-2.0000000000E-2	0.0000000000E+0
-2.1000000000E-1	-2.9467318607E-12	-1.6245533602E-2	-2.0000000000E-2	0.0000000000E+0
-2.2000000000E-1	-2.9144836047E-12	-1.5600568478E-2	-2.0000000000E-2	0.0000000000E+0
-2.3000000000E-1	-3.0112283728E-12	-1.5600568478E-2	-2.0000000000E-2	0.0000000000E+0
-2.4000000000E-1	-2.9789801168E-12	-1.5923051040E-2	-2.0000000000E-2	0.0000000000E+0
-2.5000000000E-1	-2.9467318607E-12	-1.5600568478E-2	-2.0000000000E-2	0.0000000000E+0
-2.6000000000E-1	-2.9789801168E-12	-1.6245533602E-2	-2.0000000000E-2	0.0000000000E+0
-2.7000000000E-1	-3.0112283728E-12	-1.6245533602E-2	-2.0000000000E-2	0.0000000000E+0
-2.8000000000E-1	-2.9789801168E-12	-1.6245533602E-2	-2.0000000000E-2	0.0000000000E+0
-2.9000000000E-1	-2.9789801168E-12	-1.5278085916E-2	-2.0000000000E-2	0.0000000000E+0
-3.0000000000E-1	-2.9789801168E-12	-1.6245533602E-2	-2.0000000000E-2	0.0000000000E+0
-3.1000000000E-1	-2.9144836047E-12	-1.5600568478E-2	-2.0000000000E-2	0.0000000000E+0
-3.2000000000E-1	-2.9467318607E-12	-1.5923051040E-2	-2.0000000000E-2	0.0000000000E+0
-3.3000000000E-1	-3.0434766288E-12	-1.5600568478E-2	-2.0000000000E-2	0.0000000000E+0
-3.4000000000E-1	-3.0434766288E-12	-1.6245533602E-2	-2.0000000000E-2	0.0000000000E+0
-3.5000000000E-1	-3.1079731407E-12	-1.5600568478E-2	-2.0000000000E-2	0.0000000000E+0
-3.6000000000E-1	-3.0434766288E-12	-1.5923051040E-2	-2.0000000000E-2	0.0000000000E+0
-3.7000000000E-1	-3.1079731407E-12	-1.6568016165E-2	-2.0000000000E-2	0.0000000000E+0
-3.8000000000E-1	-3.0112283728E-12	-1.6568016165E-2	-2.0000000000E-2	0.0000000000E+0
-3.9000000000E-1	-3.0434766288E-12	-1.6568016165E-2	-2.0000000000E-2	0.0000000000E+0
-4.0000000000E-1	-3.1079731407E-12	-1.6245533602E-2	-2.0000000000E-2	0.0000000000E+0
-4.1000000000E-1	-2.9789801168E-12	-1.5923051040E-2	-2.0000000000E-2	0.0000000000E+0
-4.2000000000E-1	-2.9789801168E-12	-1.6568016165E-2	-2.0000000000E-2	0.0000000000E+0
-4.3000000000E-1	-2.9144836047E-12	-1.6245533602E-2	-2.0000000000E-2	0.0000000000E+0
-4.4000000000E-1	-2.8822353487E-12	-1.5923051040E-2	-2.0000000000E-2	0.0000000000E+0
-4.5000000000E-1	-3.0112283728E-12	-1.6245533602E-2	-2.0000000000E-2	0.0000000000E+0
-4.6000000000E-1	-2.9144836047E-12	-1.6245533602E-2	-2.0000000000E-2	0.0000000000E+0
-4.7000000000E-1	-3.0112283728E-12	-1.6890498727E-2	-2.0000000000E-2	0.0000000000E+0
-4.8000000000E-1	-2.9789801168E-12	-1.6245533602E-2	-2.0000000000E-2	0.0000000000E+0
-4.9000000000E-1	-2.9789801168E-12	-1.5923051040E-2	-2.0000000000E-2	0.0000000000E+0
-5.0000000000E-1	-3.1079731407E-12	-1.6568016165E-2	-2.0000000000E-2	0.0000000000E+0
-4.9000000000E-1	-2.9144836047E-12	-1.6245533602E-2	-2.0000000000E-2	0.0000000000E+0
-4.8000000000E-1	-2.8177388367E-12	-1.5923051040E-2	-2.0000000000E-2	0.0000000000E+0
-4.7000000000E-1	-2.9467318607E-12	-1.5923051040E-2	-2.0000000000E-2	0.0000000000E+0
-4.6000000000E-1	-2.8177388367E-12	-1.5923051040E-2	-2.0000000000E-2	0.0000000000E+0
-4.5000000000E-1	-2.8499870927E-12	-1.5278085916E-2	-2.0000000000E-2	0.0000000000E+0
-4.4000000000E-1	-2.8499870927E-12	-1.4955603354E-2	-2.0000000000E-2	0.0000000000E+0
-4.3000000000E-1	-2.8499870927E-12	-1.5278085916E-2	-2.0000000000E-2	0.0000000000E+0
-4.2000000000E-1	-2.8177388367E-12	-1.4955603354E-2	-2.0000000000E-2	0.0000000000E+0
-4.1000000000E-1	-2.9467318607E-12	-1.5278085916E-2	-2.0000000000E-2	0.0000000000E+0
-4.0000000000E-1	-2.8822353487E-12	-1.5600568478E-2	-2.0000000000E-2	0.0000000000E+0
-3.9000000000E-1	-2.9144836047E-12	-1.5278085916E-2	-2.0000000000E-2	0.0000000000E+0
-3.8000000000E-1	-2.8499870927E-12	-1.5600568478E-2	-2.0000000000E-2	0.0000000000E+0
-3.7000000000E-1	-2.8499870927E-12	-1.4633120791E-2	-2.0000000000E-2	0.0000000000E+0
-3.6000000000E-1	-2.9467318607E-12	-1.5600568478E-2	-2.0000000000E-2	0.0000000000E+0
-3.5000000000E-1	-2.8822353487E-12	-1.4955603354E-2	-2.0000000000E-2	0.0000000000E+0
-3.4000000000E-1	-2.8499870927E-12	-1.5278085916E-2	-2.0000000000E-2	0.0000000000E+0
-3.3000000000E-1	-2.8499870927E-12	-1.5600568478E-2	-2.0000000000E-2	0.0000000000E+0
-3.2000000000E-1	-2.8822353487E-12	-1.5600568478E-2	-2.0000000000E-2	0.0000000000E+0
-3.1000000000E-1	-2.8499870927E-12	-1.5278085916E-2	-2.0000000000E-2	0.0000000000E+0
-3.0000000000E-1	-2.8177388367E-12	-1.5278085916E-2	-2.0000000000E-2	0.0000000000E+0
-2.9000000000E-1	-2.8822353487E-12	-1.4955603354E-2	-2.0000000000E-2	0.0000000000E+0
-2.8000000000E-1	-2.9144836047E-12	-1.5278085916E-2	-2.0000000000E-2	0.0000000000E+0
-2.7000000000E-1	-2.8822353487E-12	-1.4955603354E-2	-2.0000000000E-2	0.0000000000E+0
-2.6000000000E-1	-2.8499870927E-12	-1.5600568478E-2	-2.0000000000E-2	0.0000000000E+0
-2.5000000000E-1	-2.8499870927E-12	-1.5278085916E-2	-2.0000000000E-2	0.0000000000E+0
-2.4000000000E-1	-2.8822353487E-12	-1.5278085916E-2	-2.0000000000E-2	0.0000000000E+0
-2.3000000000E-1	-2.7854905806E-12	-1.5600568478E-2	-2.0000000000E-2	0.0000000000E+0
-2.2000000000E-1	-2.9467318607E-12	-1.4633120791E-2	-2.0000000000E-2	0.0000000000E+0
-2.1000000000E-1	-2.8499870927E-12	-1.4955603354E-2	-2.0000000000E-2	0.0000000000E+0
-2.0000000000E-1	-2.9144836047E-12	-1.5278085916E-2	-2.0000000000E-2	0.0000000000E+0
-1.9000000000E-1	-2.8177388367E-12	-1.5600568478E-2	-2.0000000000E-2	0.0000000000E+0
-1.8000000000E-1	-2.8499870927E-12	-1.4955603354E-2	-2.0000000000E-2	0.0000000000E+0
-1.7000000000E-1	-2.8822353487E-12	-1.4633120791E-2	-2.0000000000E-2	0.0000000000E+0
-1.6000000000E-1	-2.7854905806E-12	-1.5278085916E-2	-2.0000000000E-2	0.0000000000E+0
-1.5000000000E-1	-2.7854905806E-12	-1.3988155667E-2	-2.0000000000E-2	0.0000000000E+0
-1.4000000000E-1	-2.9144836047E-12	-1.4310638229E-2	-2.0000000000E-2	0.0000000000E+0
-1.3000000000E-1	-2.8177388367E-12	-1.4633120791E-2	-2.0000000000E-2	0.0000000000E+0
-1.2000000000E-1	-2.7532423246E-12	-1.4633120791E-2	-2.0000000000E-2	0.0000000000E+0
-1.1000000000E-1	-2.8822353487E-12	-1.4955603354E-2	-2.0000000000E-2	0.0000000000E+0
-1.0000000000E-1	-2.8177388367E-12	-1.5600568478E-2	-2.0000000000E-2	0.0000000000E+0
-9.0000000000E-2	-2.8499870927E-12	-1.4955603354E-2	-2.0000000000E-2	0.0000000000E+0
-8.0000000000E-2	-2.9144836047E-12	-1.4955603354E-2	-2.0000000000E-2	0.0000000000E+0
-7.0000000000E-2	-2.9789801168E-12	-1.5278085916E-2	-2.0000000000E-2	0.0000000000E+0
-6.0000000000E-2	-2.9467318607E-12	-1.4955603354E-2	-2.0000000000E-2	0.0000000000E+0
-5.0000000000E-2	-2.9467318607E-12	-1.5278085916E-2	-2.0000000000E-2	0.0000000000E+0
-4.0000000000E-2	-2.9144836047E-12	-1.5278085916E-2	-2.0000000000E-2	0.0000000000E+0
-3.0000000000E-2	-2.9144836047E-12	-1.5600568478E-2	-2.0000000000E-2	0.0000000000E+0
-2.0000000000E-2	-2.9789801168E-12	-1.4633120791E-2	-2.0000000000E-2	0.0000000000E+0
-1.0000000000E-2	-2.8822353487E-12	-1.4955603354E-2	-2.0000000000E-2	0.0000000000E+0
3.0878077872E-16	-2.9467318607E-12	-1.5923051040E-2	-2.0000000000E-2	0.0000000000E+0
1.0000000000E-2	-2.9144836047E-12	-1.5600568478E-2	-2.0000000000E-2	0.0000000000E+0
2.0000000000E-2	-2.9144836047E-12	-1.5923051040E-2	-2.0000000000E-2	0.0000000000E+0
3.0000000000E-2	-2.9467318607E-12	-1.6245533602E-2	-2.0000000000E-2	0.0000000000E+0
4.0000000000E-2	-2.9144836047E-12	-1.5278085916E-2	-2.0000000000E-2	0.0000000000E+0
5.0000000000E-2	-2.8177388367E-12	-1.4955603354E-2	-2.0000000000E-2	0.0000000000E+0
6.0000000000E-2	-2.9789801168E-12	-1.4955603354E-2	-2.0000000000E-2	0.0000000000E+0
7.0000000000E-2	-3.0112283728E-12	-1.5600568478E-2	-2.0000000000E-2	0.0000000000E+0
8.0000000000E-2	-2.8499870927E-12	-1.5600568478E-2	-2.0000000000E-2	0.0000000000E+0
9.0000000000E-2	-2.8822353487E-12	-1.6245533602E-2	-2.0000000000E-2	0.0000000000E+0
1.0000000000E-1	-2.9467318607E-12	-1.5923051040E-2	-2.0000000000E-2	0.0000000000E+0
1.1000000000E-1	-3.0757248848E-12	-1.5600568478E-2	-2.0000000000E-2	0.0000000000E+0
1.2000000000E-1	-2.7532423246E-12	-1.5600568478E-2	-2.0000000000E-2	0.0000000000E+0
1.3000000000E-1	-2.7209940685E-12	-1.4633120791E-2	-2.0000000000E-2	0.0000000000E+0
1.4000000000E-1	-2.9467318607E-12	-1.5600568478E-2	-2.0000000000E-2	0.0000000000E+0
1.5000000000E-1	-2.9144836047E-12	-1.4955603354E-2	-2.0000000000E-2	0.0000000000E+0
1.6000000000E-1	-2.8499870927E-12	-1.4955603354E-2	-2.0000000000E-2	0.0000000000E+0
1.7000000000E-1	-2.8177388367E-12	-1.4633120791E-2	-2.0000000000E-2	0.0000000000E+0
