Isd_024dd	Vsd_024dd
-1.2140544e-13	0.0020000001
-4.4388801e-13	0.0040000002
-7.6637058e-13	0.0060000001
2.0107712e-13	0.0080000004
2.0107712e-13	0.0099999998
2.0107712e-13	0.012
-1.2140544e-13	0.014
-1.2140544e-13	0.016000001
-7.6637058e-13	0.017999999
-4.4388801e-13	0.02
5.2355971e-13	0.022
-1.2140544e-13	0.024
2.0107712e-13	0.026000001
-1.2140544e-13	0.028000001
-1.0888532e-12	0.029999999
-4.4388801e-13	0.032000002
-1.2140544e-13	0.034000002
2.0107712e-13	0.035999998
2.0107712e-13	0.037999999
-1.2140544e-13	0.039999999
2.0107712e-13	0.041999999
2.0107712e-13	0.044
-4.4388801e-13	0.046
2.0107712e-13	0.048
-1.2140544e-13	0.050000001
2.0107712e-13	0.052000001
-4.4388801e-13	0.054000001
-1.2140544e-13	0.056000002
2.0107712e-13	0.057999998
-1.2140544e-13	0.059999999
-1.2140544e-13	0.061999999
-4.4388801e-13	0.064000003
2.0107712e-13	0.066
-1.2140544e-13	0.068000004
-1.2140544e-13	0.07
2.0107712e-13	0.071999997
2.0107712e-13	0.074000001
-4.4388801e-13	0.075999998
-1.2140544e-13	0.078000002
-1.2140544e-13	0.079999998
2.0107712e-13	0.082000002
-4.4388801e-13	0.083999999
5.2355971e-13	0.086000003
-1.2140544e-13	0.088
2.0107712e-13	0.090000004
2.0107712e-13	0.092
-1.2140544e-13	0.093999997
-1.2140544e-13	0.096000001
-1.2140544e-13	0.097999997
-7.6637058e-13	0.1
2.0107712e-13	0.102
-1.2140544e-13	0.104
-1.2140544e-13	0.106
2.0107712e-13	0.108
-4.4388801e-13	0.11
2.0107712e-13	0.112
2.0107712e-13	0.114
-4.4388801e-13	0.116
2.0107712e-13	0.118
-1.2140544e-13	0.12
-4.4388801e-13	0.122
-1.2140544e-13	0.124
5.2355971e-13	0.126
-1.0888532e-12	0.12800001
-1.2140544e-13	0.13
-1.2140544e-13	0.132
2.0107712e-13	0.134
-1.2140544e-13	0.13600001
5.2355971e-13	0.138
-1.2140544e-13	0.14
-1.2140544e-13	0.142
-1.2140544e-13	0.14399999
-4.4388801e-13	0.146
2.0107712e-13	0.148
-1.2140544e-13	0.15000001
2.0107712e-13	0.152
5.2355971e-13	0.154
-7.6637058e-13	0.156
-4.4388801e-13	0.15800001
-4.4388801e-13	0.16
2.0107712e-13	0.162
-1.2140544e-13	0.164
5.2355971e-13	0.16599999
2.0107712e-13	0.168
2.0107712e-13	0.17
-1.2140544e-13	0.17200001
5.2355971e-13	0.17399999
5.2355971e-13	0.176
5.2355971e-13	0.178
2.0107712e-13	0.18000001
5.2355971e-13	0.182
1.1685248e-12	0.184
2.0107712e-13	0.186
5.2355971e-13	0.18799999
5.2355971e-13	0.19
8.4604226e-13	0.192
1.1685248e-12	0.19400001
1.8134899e-12	0.19599999
1.4910074e-12	0.198
2.1359726e-12	0.2
2.4584551e-12	0.20200001
1.8134899e-12	0.204
2.4584551e-12	0.206
3.1034203e-12	0.208
3.4259028e-12	0.20999999
3.7483853e-12	0.212
4.7158332e-12	0.214
5.0383157e-12	0.21600001
5.3607982e-12	0.21799999
6.6507286e-12	0.22
6.9732111e-12	0.222
7.9406585e-12	0.22400001
9.2305894e-12	0.226
1.0198037e-11	0.228
1.0843002e-11	0.23
1.1810449e-11	0.23199999
1.3745345e-11	0.234
1.5357758e-11	0.236
1.7615135e-11	0.23800001
1.8905067e-11	0.23999999
2.0517478e-11	0.242
2.1807408e-11	0.244
2.438727e-11	0.24600001
2.6644648e-11	0.248
2.8902025e-11	0.25
3.1804368e-11	0.252
3.6641606e-11	0.25400001
3.8254021e-11	0.25600001
4.1156363e-11	0.25799999
4.5348638e-11	0.25999999
4.7283531e-11	0.26199999
5.1153325e-11	0.264
5.5668078e-11	0.266
6.0505316e-11	0.26800001
6.4052624e-11	0.27000001
6.8567381e-11	0.27200001
7.3727101e-11	0.27399999
7.7919379e-11	0.27599999
8.2111651e-11	0.278
8.7271371e-11	0.28
9.3721024e-11	0.28200001
9.9525707e-11	0.28400001
1.0307302e-10	0.28600001
1.0694281e-10	0.28799999
1.1306998e-10	0.28999999
1.1887466e-10	0.292
1.2919411e-10	0.294
1.3145149e-10	0.296
1.3370886e-10	0.29800001
1.4177093e-10	0.30000001
1.5176789e-10	0.30199999
1.5596016e-10	0.30399999
1.6176485e-10	0.30599999
1.7111684e-10	0.308
1.7563161e-10	0.31
1.8982084e-10	0.31200001
1.9756041e-10	0.31400001
2.0175268e-10	0.31600001
2.1110469e-10	0.31799999
2.1658689e-10	0.31999999
2.1626441e-10	0.322
2.275513e-10	0.324
2.369033e-10	0.32600001
2.459328e-10	0.32800001
2.5754218e-10	0.33000001
2.6205693e-10	0.33199999
2.6947403e-10	0.33399999
2.7302136e-10	0.336
2.8979044e-10	0.338
3.0301223e-10	0.34
3.149441e-10	0.34200001
3.1333167e-10	0.34400001
3.16879e-10	0.34599999
3.2977829e-10	0.34799999
3.3074574e-10	0.34999999
3.5041717e-10	0.352
3.5622186e-10	0.354
3.646064e-10	0.35600001
3.7976308e-10	0.35800001
3.9137246e-10	0.36000001
3.9911205e-10	0.36199999
4.0459425e-10	0.36399999
4.1394627e-10	0.366
4.1426873e-10	0.368
4.2136336e-10	0.37
4.3974485e-10	0.37200001
4.4135728e-10	0.37400001
4.4490459e-10	0.37599999
4.5522403e-10	0.37799999
4.6006127e-10	0.38
4.7747534e-10	0.382
4.8553739e-10	0.384
4.9263205e-10	0.38600001
4.9424442e-10	0.38800001
5.1552829e-10	0.38999999
5.2778265e-10	0.39199999
5.3165244e-10	0.39399999
5.5067889e-10	0.396
5.8518457e-10	0.398
5.9260163e-10	0.40000001
6.0872579e-10	0.40200001
6.2259253e-10	0.40400001
6.3871669e-10	0.40599999
6.3871669e-10	0.40799999
6.5000355e-10	0.41
6.7547973e-10	0.412
6.9966588e-10	0.414
7.0611555e-10	0.41600001
7.2030482e-10	0.41800001
7.3868633e-10	0.41999999
7.5577788e-10	0.42199999
7.9350837e-10	0.42399999
7.8351142e-10	0.426
8.1575968e-10	0.428
8.2414425e-10	0.43000001
8.3962343e-10	0.43200001
8.4284824e-10	0.43399999
8.6671198e-10	0.43599999
8.6864688e-10	0.43799999
8.66067e-10	0.44
8.8251362e-10	0.442
8.7670893e-10	0.44400001
8.8154617e-10	0.44600001
9.0766727e-10	0.44800001
9.4475283e-10	0.44999999
9.8538566e-10	0.45199999
9.940927e-10	0.454
1.0215037e-09	0.456
1.0418201e-09	0.458
1.0763258e-09	0.46000001
1.0976097e-09	0.46200001
1.1211508e-09	0.46399999
1.1130888e-09	0.46599999
1.1495294e-09	0.46799999
1.1456596e-09	0.47
1.1105089e-09	0.472
1.1504968e-09	0.47400001
1.1924196e-09	0.47600001
1.2017716e-09	0.47799999
1.2156384e-09	0.47999999
1.2237005e-09	0.48199999
1.2298276e-09	0.484
1.2636883e-09	0.486
1.2617534e-09	0.48800001
1.3072236e-09	0.49000001
1.32754e-09	0.49200001
1.3826845e-09	0.49399999
1.4271871e-09	0.49599999
1.4194476e-09	0.498
1.3552734e-09	0.5
1.4262197e-09	0.50199997
1.4504059e-09	0.50400001
1.3933265e-09	0.50599998
1.391069e-09	0.50800002
1.4194476e-09	0.50999999
1.4394416e-09	0.51200002
1.4639502e-09	0.514
1.4803968e-09	0.51599997
1.4736247e-09	0.51800001
1.4897489e-09	0.51999998
1.4784619e-09	0.52200001
1.5365089e-09	0.52399999
1.5500532e-09	0.52600002
1.6003605e-09	0.528
1.6148722e-09	0.52999997
1.6358337e-09	0.53200001
1.6703393e-09	0.53399998
1.6796914e-09	0.53600001
1.6532478e-09	0.53799999
1.6584075e-09	0.54000002
1.7499927e-09	0.542
1.8415779e-09	0.54400003
1.8841457e-09	0.546
1.8993023e-09	0.54799998
1.9115567e-09	0.55000001
1.9657338e-09	0.55199999
1.8902728e-09	0.55400002
1.8799533e-09	0.55599999
1.9131692e-09	0.55800003
1.9550919e-09	0.56
1.9628315e-09	0.56199998
1.9886301e-09	0.56400001
1.9783106e-09	0.56599998
1.9473523e-09	0.56800002
1.9147814e-09	0.56999999
1.9579942e-09	0.57200003
1.9918551e-09	0.574
2.0515145e-09	0.57599998
2.0792479e-09	0.57800001
2.1582565e-09	0.57999998
2.2179159e-09	0.58200002
2.2346849e-09	0.58399999
2.260806e-09	0.58600003
2.301439e-09	0.588
2.3478766e-09	0.58999997
2.3520688e-09	0.59200001
2.3165958e-09	0.59399998
2.32885e-09	0.59600002
2.3269151e-09	0.59799999
2.3440068e-09	0.60000002
2.3569062e-09	0.602
2.4484914e-09	0.60399997
2.4533287e-09	0.60600001
2.5081508e-09	0.60799998
2.5078284e-09	0.61000001
2.5387867e-09	0.61199999
2.57555e-09	0.61400002
2.6342419e-09	0.616
2.7355018e-09	0.61799997
2.7155078e-09	0.62
2.7671052e-09	0.62199998
2.8196701e-09	0.62400001
2.7419513e-09	0.62599999
2.7548508e-09	0.62800002
2.8477261e-09	0.63
2.7893565e-09	0.63200003
2.7845193e-09	0.634
2.8454687e-09	0.63599998
2.8851341e-09	0.63800001
2.8296669e-09	0.63999999
2.8644953e-09	0.64200002
2.9035157e-09	0.64399999
2.9992935e-09	0.64600003
3.0218672e-09	0.648
3.0083229e-09	0.64999998
3.029607e-09	0.65200001
3.1160325e-09	0.65399998
3.105713e-09	0.65600002
3.0502458e-09	0.65799999
3.0399263e-09	0.66000003
3.0673375e-09	0.662
3.0437961e-09	0.66399997
3.074432e-09	0.66600001
3.0637901e-09	0.66799998
3.1940737e-09	0.67000002
3.3785346e-09	0.67199999
3.4272296e-09	0.67400002
3.4465786e-09	0.676
3.5713801e-09	0.67799997
3.6755423e-09	0.68000001
3.5378416e-09	0.68199998
3.5010785e-09	0.68400002
3.5110754e-09	0.68599999
3.4504484e-09	0.68800002
3.5491285e-09	0.69
3.681992e-09	0.69199997
3.7758352e-09	0.69400001
3.8445243e-09	0.69599998
3.8738701e-09	0.69800001
3.9093435e-09	0.69999999
3.9274028e-09	0.70200002
3.9344972e-09	0.704
3.7400394e-09	0.70599997
3.7735775e-09	0.708
3.8322696e-09	0.70999998
3.910956e-09	0.71200001
3.9851273e-09	0.71399999
4.0602663e-09	0.71600002
4.0622012e-09	0.71799999
4.1112189e-09	0.72000003
4.2086095e-09	0.722
4.2111892e-09	0.72399998
4.3047099e-09	0.72600001
4.3143844e-09	0.72799999
4.3833959e-09	0.73000002
4.3134167e-09	0.73199999
4.3656594e-09	0.73400003
4.4075823e-09	0.736
4.4082276e-09	0.73799998
4.4982005e-09	0.74000001
4.6030082e-09	0.74199998
4.5572155e-09	0.74400002
4.5775321e-09	0.74599999
4.4923958e-09	0.74800003
4.3095469e-09	0.75
4.3001949e-09	0.75199997
4.429189e-09	0.75400001
4.4411208e-09	0.75599998
4.4859463e-09	0.75800002
4.5855941e-09	0.75999999
4.5936561e-09	0.76200002
4.5968811e-09	0.764
4.6436415e-09	0.76599997
4.717168e-09	0.76800001
4.6971738e-09	0.76999998
4.6436415e-09	0.77200001
4.8106887e-09	0.77399999
4.9293636e-09	0.77600002
5.0135323e-09	0.778
5.0122422e-09	0.77999997
5.1515561e-09	0.78200001
5.2083133e-09	0.78399998
5.3266658e-09	0.78600001
5.2860325e-09	0.78799999
5.5453109e-09	0.79000002
5.6539888e-09	0.792
5.6936549e-09	0.79400003
5.6913971e-09	0.796
5.6439919e-09	0.79799998
5.5588556e-09	0.80000001
5.3679439e-09	0.80199999
5.3263429e-09	0.80400002
5.5491807e-09	0.80599999
5.7384804e-09	0.80800003
5.8607026e-09	0.81
6.0312981e-09	0.81199998
6.0790257e-09	0.81400001
6.1244965e-09	0.81599998
6.1286891e-09	0.81800002
6.1412657e-09	0.81999999
6.1373959e-09	0.82200003
6.1206267e-09	0.824
6.1048251e-09	0.82599998
6.1038574e-09	0.82800001
6.1138543e-09	0.82999998
6.1525527e-09	0.83200002
6.1470709e-09	0.83399999
6.1232068e-09	0.83600003
6.149973e-09	0.838
6.1402985e-09	0.83999997
6.170612e-09	0.84200001
6.1041798e-09	0.84399998
6.1096621e-09	0.84600002
6.1364287e-09	0.84799999
6.1167569e-09	0.85000002
6.1154668e-09	0.852
6.1538428e-09	0.85399997
6.1673875e-09	0.85600001
